% time-domain voltage integration by openEMS v0.0.36-142-g32c5c6b @Sun Mar 15 22:30:16 2026
% start-coordinates: (-2.16848e-05,2.33627e-05,0.000189586) m -> [71,78,74]
% stop-coordinates: (-7.75309e-06,2.33627e-05,0.000189586) m -> [77,78,74]
% t/s	voltage
0	-0
3.12248458394e-12	-1.0211168161e-09
6.24496916788e-12	-1.11679172854e-09
9.36745375182e-12	2.49226941168e-10
1.24899383358e-11	5.09351061329e-09
1.56124229197e-11	1.67969116394e-08
1.87349075036e-11	3.89857204297e-08
2.18573920876e-11	7.288169801e-08
2.49798766715e-11	1.12392257279e-07
2.81023612555e-11	1.3790157638e-07
3.12248458394e-11	1.12045203338e-07
3.43473304234e-11	-1.7094356819e-08
3.74698150073e-11	-2.99987419794e-07
4.05922995912e-11	-7.55830356525e-07
4.37147841752e-11	-1.33675214897e-06
4.68372687591e-11	-1.90388257693e-06
4.99597533431e-11	-2.2373505999e-06
5.3082237927e-11	-2.09384680261e-06
5.62047225109e-11	-1.30336525217e-06
5.93272070949e-11	1.30186560199e-07
6.24496916788e-11	1.97546609115e-06
6.55721762628e-11	3.80807881584e-06
6.86946608467e-11	5.13654657652e-06
7.18171454306e-11	5.57600822049e-06
7.49396300146e-11	4.99498025874e-06
7.80621145985e-11	3.56701082183e-06
8.11845991825e-11	1.70256393517e-06
8.43070837664e-11	-1.06358820418e-07
8.74295683503e-11	-1.45721170952e-06
9.05520529343e-11	-2.15131922232e-06
9.36745375182e-11	-2.21435371373e-06
9.67970221022e-11	-1.83309475688e-06
9.99195066861e-11	-1.25251840188e-06
1.0304199127e-10	-6.83186996753e-07
1.06164475854e-10	-2.50633849674e-07
1.09286960438e-10	8.64545457446e-09
1.12409445022e-10	1.20306124174e-07
1.15531929606e-10	1.36403418338e-07
1.1865441419e-10	1.07344460432e-07
1.21776898774e-10	6.7930794323e-08
1.24899383358e-10	3.55542884023e-08
1.28021867942e-10	1.49540817507e-08
1.31144352526e-10	4.35773256369e-09
1.34266837109e-10	9.98828485199e-11
1.37389321693e-10	-9.85561771083e-10
1.40511806277e-10	-8.71649807888e-10
1.43634290861e-10	-5.6667839865e-10
1.46756775445e-10	-5.74395975228e-10
1.49879260029e-10	-5.86947199177e-10
1.53001744613e-10	-5.97101701416e-10
1.56124229197e-10	-6.07825359489e-10
1.59246713781e-10	-6.16428630362e-10
1.62369198365e-10	-6.2302440984e-10
1.65491682949e-10	-6.27802192177e-10
1.68614167533e-10	-6.31264686357e-10
1.71736652117e-10	-6.33615049317e-10
1.74859136701e-10	-6.35189310871e-10
1.77981621285e-10	-6.36268995824e-10
1.81104105869e-10	-6.36784944219e-10
1.84226590453e-10	-6.36483449279e-10
1.87349075036e-10	-6.35485178369e-10
1.9047155962e-10	-6.33905754277e-10
1.93594044204e-10	-6.3195441935e-10
1.96716528788e-10	-6.29865874735e-10
1.99839013372e-10	-6.28090524035e-10
2.02961497956e-10	-6.26716720187e-10
