% time-domain current integration by openEMS v0.0.36-142-g32c5c6b @Sun Mar 15 22:30:16 2026
% start-coordinates: (-1.53484e-05,1.81939e-05,0.000186797) m -> [74,76,73]
% stop-coordinates: (-1.53484e-05,2.5947e-05,0.000189586) m -> [74,79,74]
% t/s	current
1.84108760846e-15	0
3.12432567155e-12	-2.53273044898e-11
6.24681025549e-12	-2.6973133796e-11
9.36929483943e-12	4.12722070062e-12
1.24917794234e-11	1.22919271983e-10
1.56142640073e-11	4.11445516546e-10
1.87367485913e-11	9.61274393418e-10
2.18592331752e-11	1.80651216208e-09
2.49817177591e-11	2.80061707159e-09
2.81042023431e-11	3.46021167275e-09
3.1226686927e-11	2.85638113162e-09
3.4349171511e-11	-3.10932724013e-10
3.74716560949e-11	-7.31856353298e-09
4.05941406788e-11	-1.86756548004e-08
4.37166252628e-11	-3.32215357446e-08
4.68391098467e-11	-4.75116976872e-08
4.99615944307e-11	-5.60479520573e-08
5.30840790146e-11	-5.27048733545e-08
5.62065635985e-11	-3.315383168e-08
5.93290481825e-11	2.59460564145e-09
6.24515327664e-11	4.88129572318e-08
6.55740173504e-11	9.48841218928e-08
6.86965019343e-11	1.28445236669e-07
7.18189865183e-11	1.39758682849e-07
7.49414711022e-11	1.25430730691e-07
7.80639556861e-11	8.97488234841e-08
8.11864402701e-11	4.29965574256e-08
8.4308924854e-11	-2.44817166539e-09
8.7431409438e-11	-3.64290606569e-08
9.05538940219e-11	-5.39127142929e-08
9.36763786058e-11	-5.55217596343e-08
9.67988631898e-11	-4.59488909144e-08
9.99213477737e-11	-3.13620667214e-08
1.03043832358e-10	-1.70649503417e-08
1.06166316942e-10	-6.21695539493e-09
1.09288801526e-10	2.6840929479e-10
1.12411286109e-10	3.0436828613e-09
1.15533770693e-10	3.42407679987e-09
1.18656255277e-10	2.67960720279e-09
1.21778739861e-10	1.68420877245e-09
1.24901224445e-10	8.71989203066e-10
1.28023709029e-10	3.58688467816e-10
1.31146193613e-10	9.72325553406e-11
1.34268678197e-10	-5.80645297468e-12
1.37391162781e-10	-3.03481094421e-11
1.40513647365e-10	-2.57844943313e-11
1.43636131949e-10	-1.66257285716e-11
1.46758616533e-10	-1.65078957448e-11
1.49881101117e-10	-1.63209688819e-11
1.53003585701e-10	-1.61679922922e-11
1.56126070285e-10	-1.60086822271e-11
1.59248554869e-10	-1.58808608625e-11
1.62371039453e-10	-1.57829894987e-11
1.65493524036e-10	-1.5711860632e-11
1.6861600862e-10	-1.56609326202e-11
1.71738493204e-10	-1.56261947826e-11
1.74860977788e-10	-1.56029720394e-11
1.77983462372e-10	-1.55865546164e-11
1.81105946956e-10	-1.55793798001e-11
1.8422843154e-10	-1.55838380395e-11
1.87350916124e-10	-1.55988069683e-11
1.90473400708e-10	-1.56217764419e-11
1.93595885292e-10	-1.56506804044e-11
1.96718369876e-10	-1.56814370517e-11
1.9984085446e-10	-1.57081587321e-11
2.02963339044e-10	-1.57279935603e-11
