% time-domain voltage integration by openEMS v0.0.36-142-g32c5c6b @Sun Mar 15 22:30:16 2026
% start-coordinates: (-2.16848e-05,2.33627e-05,2.09098e-05) m -> [71,78,17]
% stop-coordinates: (-7.75309e-06,2.33627e-05,2.09098e-05) m -> [77,78,17]
% t/s	voltage
0	-0
3.12248458394e-12	-8.2248541311e-10
6.24496916788e-12	-1.13893533493e-09
9.36745375182e-12	-7.3584648097e-10
1.24899383358e-11	1.88298168724e-09
1.56124229197e-11	9.46147404868e-09
1.87349075036e-11	2.56790486652e-08
2.18573920876e-11	5.3529366717e-08
2.49798766715e-11	9.15774336363e-08
2.81023612555e-11	1.28173953229e-07
3.12248458394e-11	1.35582713057e-07
3.43473304234e-11	6.84494878556e-08
3.74698150073e-11	-1.27531821548e-07
4.05922995912e-11	-4.92772670668e-07
4.37147841752e-11	-1.01941519404e-06
4.68372687591e-11	-1.61823146527e-06
4.99597533431e-11	-2.10791114341e-06
5.3082237927e-11	-2.24678871064e-06
5.62047225109e-11	-1.8117943057e-06
5.93272070949e-11	-7.03260091939e-07
6.24496916788e-11	9.69753145341e-07
6.55721762628e-11	2.87376792585e-06
6.86946608467e-11	4.53113500498e-06
7.18171454306e-11	5.47718821053e-06
7.49396300146e-11	5.43193016256e-06
7.80621145985e-11	4.4089767357e-06
8.11845991825e-11	2.71018302556e-06
8.43070837664e-11	8.08526948504e-07
8.74295683503e-11	-8.25451024866e-07
9.05520529343e-11	-1.87608199553e-06
9.36745375182e-11	-2.25447027447e-06
9.67970221022e-11	-2.07513005535e-06
9.99195066861e-11	-1.56682528996e-06
1.0304199127e-10	-9.68466352447e-07
1.06164475854e-10	-4.53848308268e-07
1.09286960438e-10	-1.04150422509e-07
1.12409445022e-10	7.84768516837e-08
1.15531929606e-10	1.36929106276e-07
1.1865441419e-10	1.25423138542e-07
1.21776898774e-10	8.79137234122e-08
1.24899383358e-10	5.05491888347e-08
1.28021867942e-10	2.38153265997e-08
1.31144352526e-10	8.53938775247e-09
1.34266837109e-10	1.54755983028e-09
1.37389321693e-10	-7.87804661784e-10
1.40511806277e-10	-1.07930502036e-09
1.43634290861e-10	-7.54150006332e-10
1.46756775445e-10	-6.12412370815e-10
1.49879260029e-10	-6.25812263122e-10
1.53001744613e-10	-6.34945304667e-10
1.56124229197e-10	-6.41183071914e-10
1.59246713781e-10	-6.43769322572e-10
1.62369198365e-10	-6.4288053353e-10
1.65491682949e-10	-6.39869233987e-10
1.68614167533e-10	-6.35686295269e-10
1.71736652117e-10	-6.30991800477e-10
1.74859136701e-10	-6.26583639141e-10
1.77981621285e-10	-6.22978828246e-10
1.81104105869e-10	-6.20501969251e-10
1.84226590453e-10	-6.19272549907e-10
1.87349075036e-10	-6.19303400229e-10
1.9047155962e-10	-6.20298194753e-10
1.93594044204e-10	-6.21854762128e-10
1.96716528788e-10	-6.23534383848e-10
1.99839013372e-10	-6.25178207814e-10
2.02961497956e-10	-6.26695757788e-10
