% time-domain current integration by openEMS v0.0.36-142-g32c5c6b @Sun Mar 15 22:30:16 2026
% start-coordinates: (-1.53484e-05,1.81939e-05,1.79227e-05) m -> [74,76,16]
% stop-coordinates: (-1.53484e-05,2.5947e-05,2.09098e-05) m -> [74,79,17]
% t/s	current
1.84108760846e-15	0
3.12432567155e-12	1.23519024869e-11
6.24681025549e-12	1.70948376982e-11
9.36929483943e-12	1.09878668664e-11
1.24917794234e-11	-2.84525875083e-11
1.56142640073e-11	-1.42440365059e-10
1.87367485913e-11	-3.86178533596e-10
2.18592331752e-11	-8.04483479833e-10
2.49817177591e-11	-1.37550715262e-09
2.81042023431e-11	-1.92389393305e-09
3.1226686927e-11	-2.03278394117e-09
3.4349171511e-11	-1.02115504941e-09
3.74716560949e-11	1.92558125001e-09
4.05941406788e-11	7.4122397109e-09
4.37166252628e-11	1.53179140483e-08
4.68391098467e-11	2.42999806943e-08
4.99615944307e-11	3.16349257901e-08
5.30840790146e-11	3.36964944836e-08
5.62065635985e-11	2.71418194586e-08
5.93290481825e-11	1.04838040471e-08
6.24515327664e-11	-1.46310874527e-08
6.55740173504e-11	-4.31915552213e-08
6.86965019343e-11	-6.80294505173e-08
7.18189865183e-11	-8.21795040906e-08
7.49414711022e-11	-8.14533578364e-08
7.80639556861e-11	-6.60694752241e-08
8.11864402701e-11	-4.05668529879e-08
8.4308924854e-11	-1.20441461249e-08
8.7431409438e-11	1.24445538319e-08
9.05538940219e-11	2.81736465269e-08
9.36763786058e-11	3.38201715522e-08
9.67988631898e-11	3.11093941718e-08
9.99213477737e-11	2.34755326289e-08
1.03043832358e-10	1.45006628927e-08
1.06166316942e-10	6.7877454768e-09
1.09288801526e-10	1.55031731897e-09
1.12411286109e-10	-1.18225662593e-09
1.15533770693e-10	-2.05463446257e-09
1.18656255277e-10	-1.87997972745e-09
1.21778739861e-10	-1.31688071559e-09
1.24901224445e-10	-7.56750384578e-10
1.28023709029e-10	-3.56290025261e-10
1.31146193613e-10	-1.27610533251e-10
1.34268678197e-10	-2.30204414559e-11
1.37391162781e-10	1.18670767657e-11
1.40513647365e-10	1.61867481224e-11
1.43636131949e-10	1.129922024e-11
1.46758616533e-10	9.18970715497e-12
1.49881101117e-10	9.39032965969e-12
1.53003585701e-10	9.52594513687e-12
1.56126070285e-10	9.61806068817e-12
1.59248554869e-10	9.65696359684e-12
1.62371039453e-10	9.64308841112e-12
1.65493524036e-10	9.59771498388e-12
1.6861600862e-10	9.53506804763e-12
1.71738493204e-10	9.46481348157e-12
1.74860977788e-10	9.39832846963e-12
1.77983462372e-10	9.34445576473e-12
1.81105946956e-10	9.30792855985e-12
1.8422843154e-10	9.28934533462e-12
1.87350916124e-10	9.28983799608e-12
1.90473400708e-10	9.30484769096e-12
1.93595885292e-10	9.32825778427e-12
1.96718369876e-10	9.35353097059e-12
1.9984085446e-10	9.37750484903e-12
2.02963339044e-10	9.40032340163e-12
