% time-domain voltage integration by openEMS v0.0.36-142-g32c5c6b @Tue Mar 17 20:50:43 2026
% start-coordinates: (2.16848e-05,-2.33627e-05,0.000142189) m -> [42,26,55]
% stop-coordinates: (8.99926e-06,-2.33627e-05,0.000142189) m -> [39,26,55]
% t/s	voltage
0	-0
2.07848911656e-12	1.60122323734e-09
4.15697823312e-12	2.47502357498e-09
6.23546734968e-12	2.02055572274e-09
8.31395646623e-12	-2.65069177718e-09
1.03924455828e-11	-1.71957537098e-08
1.24709346994e-11	-4.96707688313e-08
1.45494238159e-11	-1.07412347461e-07
1.66279129325e-11	-1.89850659638e-07
1.8706402049e-11	-2.75983225606e-07
2.07848911656e-11	-3.10814570526e-07
2.28633802821e-11	-1.99353799246e-07
2.49418693987e-11	1.79212541696e-07
2.70203585153e-11	9.26343346919e-07
2.90988476318e-11	2.0507260956e-06
3.11773367484e-11	3.39063069532e-06
3.32558258649e-11	4.57674207155e-06
3.53343149815e-11	5.08275445554e-06
3.74128040981e-11	4.38330073393e-06
3.94912932146e-11	2.18358650272e-06
4.15697823312e-11	-1.37227885944e-06
4.36482714477e-11	-5.6285575738e-06
4.57267605643e-11	-9.5546704415e-06
4.78052496808e-11	-1.20708846225e-05
4.98837387974e-11	-1.24395778585e-05
5.1962227914e-11	-1.05495428215e-05
5.40407170305e-11	-6.95999119671e-06
5.61192061471e-11	-2.68304358997e-06
5.81976952636e-11	1.19230710993e-06
6.02761843802e-11	3.86454610179e-06
6.23546734968e-11	5.02483385389e-06
6.44331626133e-11	4.8470708407e-06
6.65116517299e-11	3.81071470201e-06
6.85901408464e-11	2.46519977054e-06
7.0668629963e-11	1.24165742932e-06
7.27471190796e-11	3.67613125718e-07
7.48256081961e-11	-1.19256835518e-07
7.69040973127e-11	-3.00566597389e-07
7.89825864292e-11	-2.98273796773e-07
8.10610755458e-11	-2.19078238217e-07
8.31395646623e-11	-1.30967336531e-07
8.52180537789e-11	-6.43365893893e-08
8.72965428955e-11	-2.45731710535e-08
8.9375032012e-11	-5.53350687493e-09
9.14535211286e-11	1.265005517e-09
9.35320102451e-11	2.40216074809e-09
9.56104993617e-11	1.67726610378e-09
9.76889884783e-11	1.04058830996e-09
9.97674775948e-11	1.05817471452e-09
1.01845966711e-10	1.09043804541e-09
1.03924455828e-10	1.14134129925e-09
1.06002944944e-10	1.20287552141e-09
1.08081434061e-10	1.27088611857e-09
