% time-domain voltage integration by openEMS v0.0.36-142-g32c5c6b @Tue Mar 17 20:50:43 2026
% start-coordinates: (-2.16848e-05,2.33627e-05,2.36982e-05) m -> [32,37,15]
% stop-coordinates: (-8.99926e-06,2.33627e-05,2.36982e-05) m -> [35,37,15]
% t/s	voltage
0	-0
2.07848911656e-12	-2.25819180022e-09
4.15697823312e-12	-2.37921377044e-09
6.23546734968e-12	4.3660081106e-10
8.31395646623e-12	1.08438538149e-08
1.03924455828e-11	3.61733301091e-08
1.24709346994e-11	8.44638599062e-08
1.45494238159e-11	1.58718467702e-07
1.66279129325e-11	2.4633023088e-07
1.8706402049e-11	3.05466294037e-07
2.07848911656e-11	2.55270329319e-07
2.28633802821e-11	-1.79106987019e-08
2.49418693987e-11	-6.2691732694e-07
2.70203585153e-11	-1.61956430134e-06
2.90988476318e-11	-2.89995188041e-06
3.11773367484e-11	-4.17333251335e-06
3.32558258649e-11	-4.96276072681e-06
3.53343149815e-11	-4.72906322102e-06
3.74128040981e-11	-3.07922834963e-06
3.94912932146e-11	1.03682822328e-08
4.15697823312e-11	4.06627441407e-06
4.36482714477e-11	8.17800037112e-06
4.57267605643e-11	1.1260837482e-05
4.78052496808e-11	1.24332284486e-05
4.98837387974e-11	1.13488563329e-05
5.1962227914e-11	8.331077197e-06
5.40407170305e-11	4.24621123329e-06
5.61192061471e-11	1.76063906565e-07
5.81976952636e-11	-2.95952673923e-06
6.02761843802e-11	-4.67001257221e-06
6.23546734968e-11	-4.96089239732e-06
6.44331626133e-11	-4.21197341893e-06
6.65116517299e-11	-2.95729500976e-06
6.85901408464e-11	-1.67630685155e-06
7.0668629963e-11	-6.70894252153e-07
7.27471190796e-11	-4.49991226503e-08
7.48256081961e-11	2.43119941956e-07
7.69040973127e-11	3.03364316778e-07
7.89825864292e-11	2.49211446146e-07
8.10610755458e-11	1.6284760207e-07
8.31395646623e-11	8.79174315571e-08
8.52180537789e-11	3.84036331624e-08
8.72965428955e-11	1.20021019789e-08
8.9375032012e-11	9.06267311196e-10
9.14535211286e-11	-2.20194368294e-09
9.35320102451e-11	-2.11875678113e-09
9.56104993617e-11	-1.32369348815e-09
9.76889884783e-11	-1.29481006472e-09
9.97674775948e-11	-1.25529051043e-09
1.01845966711e-10	-1.26231322617e-09
1.03924455828e-10	-1.29626259726e-09
1.06002944944e-10	-1.33602112706e-09
1.08081434061e-10	-1.38130101801e-09
