% time-domain current integration by openEMS v0.0.36-142-g32c5c6b @Tue Mar 17 20:50:43 2026
% start-coordinates: (-1.79985e-05,6.01483e-06,0.000139401) m -> [33,33,54]
% stop-coordinates: (-1.79985e-05,3.68615e-05,0.000145176) m -> [33,40,56]
% t/s	current
3.08381174564e-15	0
2.0815729283e-12	3.60597385285e-11
4.16006204486e-12	5.58288207331e-11
6.23855116142e-12	4.45317012432e-11
8.31704027798e-12	-6.44201983424e-11
1.03955293945e-11	-3.98574173666e-10
1.24740185111e-11	-1.13771025934e-09
1.45525076277e-11	-2.44640196989e-09
1.66309967442e-11	-4.301131451e-09
1.87094858608e-11	-6.21530027445e-09
2.07879749773e-11	-6.93537449692e-09
2.28664640939e-11	-4.31281943492e-09
2.49449532104e-11	4.35800506793e-09
2.7023442327e-11	2.13108695135e-08
2.91019314436e-11	4.66527758647e-08
3.11804205601e-11	7.66389263163e-08
3.32589096767e-11	1.02884307296e-07
3.53373987932e-11	1.1356411278e-07
3.74158879098e-11	9.70096820652e-08
3.94943770264e-11	4.68613947646e-08
4.15728661429e-11	-3.33260921082e-08
4.36513552595e-11	-1.28581248759e-07
4.5729844376e-11	-2.15718088725e-07
4.78083334926e-11	-2.70707147365e-07
4.98868226092e-11	-2.77407792737e-07
5.19653117257e-11	-2.33796953353e-07
5.40438008423e-11	-1.52769473516e-07
5.61222899588e-11	-5.71262077642e-08
5.82007790754e-11	2.88804606896e-08
6.02792681919e-11	8.76247341353e-08
6.23577573085e-11	1.12554303655e-07
6.44362464251e-11	1.07830665286e-07
6.65147355416e-11	8.42916705324e-08
6.85932246582e-11	5.41875451177e-08
7.06717137747e-11	2.70310529515e-08
7.27502028913e-11	7.76560682425e-09
7.48286920079e-11	-2.87340928828e-09
7.69071811244e-11	-6.76119826792e-09
7.8985670241e-11	-6.62719923383e-09
8.10641593575e-11	-4.83401674245e-09
8.31426484741e-11	-2.87327051041e-09
8.52211375907e-11	-1.40263267667e-09
8.72996267072e-11	-5.30685384525e-10
8.93781158238e-11	-1.16199681821e-10
9.14566049403e-11	3.00969180134e-11
9.35350940569e-11	5.3353689522e-11
9.56135831734e-11	3.67043478944e-11
9.769207229e-11	2.31602879236e-11
9.97705614066e-11	2.37524201696e-11
1.01849050523e-10	2.45584455549e-11
1.0392753964e-10	2.57262544601e-11
1.06006028756e-10	2.71840640276e-11
1.08084517873e-10	2.87519539427e-11
