% time-domain current integration by openEMS v0.0.36-142-g32c5c6b @Tue Mar 17 20:50:43 2026
% start-coordinates: (-1.79985e-05,6.01483e-06,2.09098e-05) m -> [33,33,14]
% stop-coordinates: (-1.79985e-05,3.68615e-05,2.36982e-05) m -> [33,40,15]
% t/s	current
3.08381174564e-15	0
2.0815729283e-12	-5.26737958806e-11
4.16006204486e-12	-5.87380422079e-11
6.23855116142e-12	9.32630101619e-12
8.31704027798e-12	2.61799859569e-10
1.03955293945e-11	8.71320349205e-10
1.24740185111e-11	2.02923899906e-09
1.45525076277e-11	3.80503273334e-09
1.66309967442e-11	5.88609117003e-09
1.87094858608e-11	7.25221438458e-09
2.07879749773e-11	5.95363003342e-09
2.28664640939e-11	-7.31160243461e-10
2.49449532104e-11	-1.54622519233e-08
2.7023442327e-11	-3.92761982937e-08
2.91019314436e-11	-6.97020396956e-08
3.11804205601e-11	-9.94901228069e-08
3.32589096767e-11	-1.17114524301e-07
3.53373987932e-11	-1.09780991409e-07
3.74158879098e-11	-6.85122785171e-08
3.94943770264e-11	6.54259224575e-09
4.15728661429e-11	1.03260148876e-07
4.36513552595e-11	1.99327644168e-07
4.5729844376e-11	2.68874373432e-07
4.78083334926e-11	2.91642152206e-07
4.98868226092e-11	2.60746730874e-07
5.19653117257e-11	1.85409874121e-07
5.40438008423e-11	8.73445529237e-08
5.61222899588e-11	-7.48317141586e-09
5.82007790754e-11	-7.79100588488e-08
6.02792681919e-11	-1.13610596486e-07
6.23577573085e-11	-1.16131779748e-07
6.44362464251e-11	-9.54874010972e-08
6.65147355416e-11	-6.46719513497e-08
6.85932246582e-11	-3.47585249472e-08
7.06717137747e-11	-1.2256932358e-08
7.27502028913e-11	1.04368169662e-09
7.48286920079e-11	6.60602816893e-09
7.69071811244e-11	7.23246884604e-09
7.8985670241e-11	5.58656099159e-09
8.10641593575e-11	3.47643891452e-09
8.31426484741e-11	1.78252335115e-09
8.52211375907e-11	7.24513782302e-10
8.72996267072e-11	1.91528945481e-10
8.93781158238e-11	-1.58725220467e-11
9.14566049403e-11	-6.41203964924e-11
9.35350940569e-11	-5.43382214224e-11
9.56135831734e-11	-3.48349439572e-11
9.769207229e-11	-3.54913390344e-11
9.97705614066e-11	-3.63893776223e-11
1.01849050523e-10	-3.61895478862e-11
1.0392753964e-10	-3.53732598768e-11
1.06006028756e-10	-3.44314472767e-11
1.08084517873e-10	-3.33638221217e-11
