% time-domain current integration by openEMS v0.0.36-142-g32c5c6b @Tue Mar 17 20:50:43 2026
% start-coordinates: (1.34989e-05,-4.13612e-05,0.000139401) m -> [40,22,54]
% stop-coordinates: (1.34989e-05,-1.03518e-05,0.000145176) m -> [40,29,56]
% t/s	current
3.08381174564e-15	-0
2.0815729283e-12	-3.60983742898e-11
4.16006204486e-12	-5.56369950111e-11
6.23855116142e-12	-4.46318849934e-11
8.31704027798e-12	6.11273184847e-11
1.03955293945e-11	3.89241194831e-10
1.24740185111e-11	1.12007048081e-09
1.45525076277e-11	2.41653008715e-09
1.66309967442e-11	4.26275414966e-09
1.87094858608e-11	6.18313444889e-09
2.07879749773e-11	6.93978519095e-09
2.28664640939e-11	4.40147873704e-09
2.49449532104e-11	-4.13303524738e-09
2.7023442327e-11	-2.09181543198e-08
2.91019314436e-11	-4.61165434729e-08
3.11804205601e-11	-7.6067671273e-08
3.32589096767e-11	-1.02473116215e-07
3.53373987932e-11	-1.13551770653e-07
3.74158879098e-11	-9.7591787096e-08
3.94943770264e-11	-4.80890989252e-08
4.15728661429e-11	3.16169455061e-08
4.36513552595e-11	1.26762216723e-07
4.5729844376e-11	2.14265824638e-07
4.78083334926e-11	2.70039691941e-07
4.98868226092e-11	2.77726428521e-07
5.19653117257e-11	2.35006183402e-07
5.40438008423e-11	1.54515447548e-07
5.61222899588e-11	5.89328550404e-08
5.82007790754e-11	-2.74403575418e-08
6.02792681919e-11	-8.67979679242e-08
6.23577573085e-11	-1.12364311633e-07
6.44362464251e-11	-1.08123380471e-07
6.65147355416e-11	-8.48318038038e-08
6.85932246582e-11	-5.47557874597e-08
7.06717137747e-11	-2.74847007375e-08
7.27502028913e-11	-8.05166955331e-09
7.48286920079e-11	2.73980838017e-09
7.69071811244e-11	6.73171651755e-09
7.8985670241e-11	6.65056854032e-09
8.10641593575e-11	4.87258100534e-09
8.31426484741e-11	2.90682944382e-09
8.52211375907e-11	1.42471190401e-09
8.72996267072e-11	5.4227888846e-10
8.93781158238e-11	1.20839838136e-10
9.14566049403e-11	-2.89996342911e-11
9.35350940569e-11	-5.36021435571e-11
9.56135831734e-11	-3.723020503e-11
9.769207229e-11	-2.32178078846e-11
9.97705614066e-11	-2.36270135401e-11
1.01849050523e-10	-2.43519301946e-11
1.0392753964e-10	-2.54987003734e-11
1.06006028756e-10	-2.68808066084e-11
1.08084517873e-10	-2.83982021926e-11
