% time-domain voltage integration by openEMS v0.0.36-142-g32c5c6b @Tue Mar 17 20:50:43 2026
% start-coordinates: (-2.16848e-05,2.33627e-05,0.000142189) m -> [32,37,55]
% stop-coordinates: (-8.99926e-06,2.33627e-05,0.000142189) m -> [35,37,55]
% t/s	voltage
0	-0
2.07848911656e-12	-1.6022776439e-09
4.15697823312e-12	-2.49748649539e-09
6.23546734968e-12	-2.01502192709e-09
8.31395646623e-12	2.80462897351e-09
1.03924455828e-11	1.76333934121e-08
1.24709346994e-11	5.05021580111e-08
1.45494238159e-11	1.08820788824e-07
1.66279129325e-11	1.91662351767e-07
1.8706402049e-11	2.77507247404e-07
2.07848911656e-11	3.10619462596e-07
2.28633802821e-11	1.95191546482e-07
2.49418693987e-11	-1.89804062245e-07
2.70203585153e-11	-9.44857873719e-07
2.90988476318e-11	-2.07603795843e-06
3.11773367484e-11	-3.41763870892e-06
3.32558258649e-11	-4.59624993709e-06
3.53343149815e-11	-5.08348364292e-06
3.74128040981e-11	-4.35598099102e-06
3.94912932146e-11	-2.12574855141e-06
4.15697823312e-11	1.45294825415e-06
4.36482714477e-11	5.71455643694e-06
4.57267605643e-11	9.62349167821e-06
4.78052496808e-11	1.21027287605e-05
4.98837387974e-11	1.24248485918e-05
5.1962227914e-11	1.04926507447e-05
5.40407170305e-11	6.87759143148e-06
5.61192061471e-11	2.59761498e-06
5.81976952636e-11	-1.26054123939e-06
6.02761843802e-11	-3.9038476416e-06
6.23546734968e-11	-5.03401793139e-06
6.44331626133e-11	-4.83337066726e-06
6.65116517299e-11	-3.78523418476e-06
6.85901408464e-11	-2.4383211894e-06
7.0668629963e-11	-1.22015703141e-06
7.27471190796e-11	-3.54027605454e-07
7.48256081961e-11	1.2562291829e-07
7.69040973127e-11	3.01990525031e-07
7.89825864292e-11	2.97181522058e-07
8.10610755458e-11	2.17256150847e-07
8.31395646623e-11	1.29376399371e-07
8.52180537789e-11	6.32875867268e-08
8.72965428955e-11	2.40203128499e-08
8.9375032012e-11	5.31061683517e-09
9.14535211286e-11	-1.31892036181e-09
9.35320102451e-11	-2.39147529557e-09
9.56104993617e-11	-1.65322122658e-09
9.76889884783e-11	-1.03807407115e-09
9.97674775948e-11	-1.06405670386e-09
1.01845966711e-10	-1.09933034897e-09
1.03924455828e-10	-1.15130707745e-09
1.06002944944e-10	-1.21648230378e-09
1.08081434061e-10	-1.28631288954e-09
