% time-domain current integration by openEMS v0.0.36-142-g32c5c6b @Tue Mar 17 20:50:43 2026
% start-coordinates: (1.34989e-05,-4.13612e-05,2.09098e-05) m -> [40,22,14]
% stop-coordinates: (1.34989e-05,-1.03518e-05,2.36982e-05) m -> [40,29,15]
% t/s	current
3.08381174564e-15	-0
2.0815729283e-12	5.24156239246e-11
4.16006204486e-12	5.90601179074e-11
6.23855116142e-12	-1.03080165931e-11
8.31704027798e-12	-2.5812657567e-10
1.03955293945e-11	-8.60499893562e-10
1.24740185111e-11	-2.01032324121e-09
1.45525076277e-11	-3.77343356561e-09
1.66309967442e-11	-5.84688830685e-09
1.87094858608e-11	-7.22267001763e-09
2.07879749773e-11	-5.96596327895e-09
2.28664640939e-11	6.27539520348e-10
2.49449532104e-11	1.52154502331e-08
2.7023442327e-11	3.88589782574e-08
2.91019314436e-11	6.91467008096e-08
3.11804205601e-11	9.89150592545e-08
3.32589096767e-11	1.16723192889e-07
3.53373987932e-11	1.09814223492e-07
3.74158879098e-11	6.91581476531e-08
3.94943770264e-11	-5.24889998132e-09
4.15728661429e-11	-1.01502031669e-07
4.36513552595e-11	-1.97491758058e-07
4.5729844376e-11	-2.67441379265e-07
4.78083334926e-11	-2.91021478915e-07
4.98868226092e-11	-2.61122067968e-07
5.19653117257e-11	-1.86666795798e-07
5.40438008423e-11	-8.9116419133e-08
5.61222899588e-11	5.67493874115e-09
5.82007790754e-11	7.64862662095e-08
6.02792681919e-11	1.1280734924e-07
6.23577573085e-11	1.1596263505e-07
6.44362464251e-11	9.5792792365e-08
6.65147355416e-11	6.52159997117e-08
6.85932246582e-11	3.53244899998e-08
7.06717137747e-11	1.27057457888e-08
7.27502028913e-11	-7.62175933477e-10
7.48286920079e-11	-6.47529763143e-09
7.69071811244e-11	-7.20393966702e-09
7.8985670241e-11	-5.60942936545e-09
8.10641593575e-11	-3.51372242413e-09
8.31426484741e-11	-1.8145184244e-09
8.52211375907e-11	-7.45058903462e-10
8.72996267072e-11	-2.01756777951e-10
8.93781158238e-11	1.23977026562e-11
9.14566049403e-11	6.4002372846e-11
9.35350940569e-11	5.53851305096e-11
9.56135831734e-11	3.60237187302e-11
9.769207229e-11	3.61984123232e-11
9.97705614066e-11	3.69282729396e-11
1.01849050523e-10	3.6353101085e-11
1.0392753964e-10	3.54815760106e-11
1.06006028756e-10	3.4473545546e-11
1.08084517873e-10	3.33028847554e-11
