% time-domain voltage integration by openEMS v0.0.36-142-g32c5c6b @Tue Mar 17 20:50:43 2026
% start-coordinates: (2.16848e-05,-2.33627e-05,2.36982e-05) m -> [42,26,15]
% stop-coordinates: (8.99926e-06,-2.33627e-05,2.36982e-05) m -> [39,26,15]
% t/s	voltage
0	-0
2.07848911656e-12	2.29563712484e-09
4.15697823312e-12	2.35591679498e-09
6.23546734968e-12	-4.07150299586e-10
8.31395646623e-12	-1.10186049174e-08
1.03924455828e-11	-3.66940149377e-08
1.24709346994e-11	-8.53761914499e-08
1.45494238159e-11	-1.60221226508e-07
1.66279129325e-11	-2.48179269136e-07
1.8706402049e-11	-3.06825256757e-07
2.07848911656e-11	-2.54589025417e-07
2.28633802821e-11	2.29742571634e-08
2.49418693987e-11	6.38794475094e-07
2.70203585153e-11	1.63947788678e-06
2.90988476318e-11	2.92627197496e-06
3.11773367484e-11	4.20034245963e-06
3.32558258649e-11	4.98077849898e-06
3.53343149815e-11	4.72673718832e-06
3.74128040981e-11	3.04783986849e-06
3.94912932146e-11	-7.22079072091e-08
4.15697823312e-11	-4.14961073147e-06
4.36482714477e-11	-8.26438849799e-06
4.57267605643e-11	-1.13275923468e-05
4.78052496808e-11	-1.24612533909e-05
4.98837387974e-11	-1.13298519864e-05
5.1962227914e-11	-8.27081930765e-06
5.40407170305e-11	-4.16223610955e-06
5.61192061471e-11	-9.09718611553e-08
5.81976952636e-11	3.0260577546e-06
6.02761843802e-11	4.70711745493e-06
6.23546734968e-11	4.96818552165e-06
6.44331626133e-11	4.19713296651e-06
6.65116517299e-11	2.93147706998e-06
6.85901408464e-11	1.64966667171e-06
7.0668629963e-11	6.49888846738e-07
7.27471190796e-11	3.19004040961e-08
7.48256081961e-11	-2.49146687281e-07
7.69040973127e-11	-3.04626752268e-07
7.89825864292e-11	-2.48097421718e-07
8.10610755458e-11	-1.61084006578e-07
8.31395646623e-11	-8.64166906922e-08
8.52180537789e-11	-3.74466608832e-08
8.72965428955e-11	-1.15306100223e-08
8.9375032012e-11	-7.50624701285e-10
9.14535211286e-11	2.20038820498e-09
9.35320102451e-11	2.06331574049e-09
9.56104993617e-11	1.2621505785e-09
9.76889884783e-11	1.25727206424e-09
9.97674775948e-11	1.22600057884e-09
1.01845966711e-10	1.25042567967e-09
1.03924455828e-10	1.28913321684e-09
1.06002944944e-10	1.33247279877e-09
1.08081434061e-10	1.38324246501e-09
