% time-domain voltage integration by openEMS v0.0.36-142-g32c5c6b @Tue Mar 17 20:49:51 2026
% start-coordinates: (2.16848e-05,-2.33627e-05,0.000142189) m -> [42,26,55]
% stop-coordinates: (8.99926e-06,-2.33627e-05,0.000142189) m -> [39,26,55]
% t/s	voltage
0	-0
2.07848911656e-12	9.66414448467e-10
4.15697823312e-12	1.52849011226e-09
6.23546734968e-12	1.2779247105e-09
8.31395646623e-12	-1.55278195857e-09
1.03924455828e-11	-1.04555915037e-08
1.24709346994e-11	-3.04599980794e-08
1.45494238159e-11	-6.61759322895e-08
1.66279129325e-11	-1.17436798064e-07
1.8706402049e-11	-1.71479115352e-07
2.07848911656e-11	-1.94471574844e-07
2.28633802821e-11	-1.27560547014e-07
2.49418693987e-11	1.04624216846e-07
2.70203585153e-11	5.66185505591e-07
2.90988476318e-11	1.26438089865e-06
3.11773367484e-11	2.10088882113e-06
3.32558258649e-11	2.84768549363e-06
3.53343149815e-11	3.17721412557e-06
3.74128040981e-11	2.75965624041e-06
3.94912932146e-11	1.40594619324e-06
4.15697823312e-11	-8.00963221081e-07
4.36482714477e-11	-3.45806790847e-06
4.57267605643e-11	-5.92470530592e-06
4.78052496808e-11	-7.5240204751e-06
4.98837387974e-11	-7.78769913268e-06
5.1962227914e-11	-6.63627110953e-06
5.40407170305e-11	-4.41053919076e-06
5.61192061471e-11	-1.73896785327e-06
5.81976952636e-11	6.96134790701e-07
6.02761843802e-11	2.38765994709e-06
6.23546734968e-11	3.13492057558e-06
6.44331626133e-11	3.04048523958e-06
6.65116517299e-11	2.40120868966e-06
6.85901408464e-11	1.5610490891e-06
7.0668629963e-11	7.92138592942e-07
7.27471190796e-11	2.39840090899e-07
7.48256081961e-11	-6.98950888278e-08
7.69040973127e-11	-1.86906362387e-07
7.89825864292e-11	-1.87320651435e-07
8.10610755458e-11	-1.38326253563e-07
8.31395646623e-11	-8.30515052286e-08
8.52180537789e-11	-4.09856903971e-08
8.72965428955e-11	-1.57629171937e-08
8.9375032012e-11	-3.62882834892e-09
9.14535211286e-11	7.33298977096e-10
9.35320102451e-11	1.48184386983e-09
9.56104993617e-11	1.03293418263e-09
9.76889884783e-11	6.18801079821e-10
9.97674775948e-11	6.27937743469e-10
1.01845966711e-10	6.52490173003e-10
1.03924455828e-10	6.88900145263e-10
1.06002944944e-10	7.33124783103e-10
1.08081434061e-10	7.80968026359e-10
1.10159923178e-10	8.30485263892e-10
