% time-domain current integration by openEMS v0.0.36-142-g32c5c6b @Tue Mar 17 20:49:51 2026
% start-coordinates: (-1.79985e-05,1.46887e-05,2.09098e-05) m -> [33,35,14]
% stop-coordinates: (-1.79985e-05,2.78623e-05,2.36982e-05) m -> [33,38,15]
% t/s	current
3.08381174564e-15	0
2.0815729283e-12	-3.12687480075e-11
4.16006204486e-12	-3.24533802609e-11
6.23855116142e-12	6.01188543392e-12
8.31704027798e-12	1.50573331581e-10
1.03955293945e-11	4.98629415535e-10
1.24740185111e-11	1.15876630513e-09
1.45525076277e-11	2.16828710542e-09
1.66309967442e-11	3.34626482079e-09
1.87094858608e-11	4.10719458444e-09
2.07879749773e-11	3.33886207571e-09
2.28664640939e-11	-5.04540076385e-10
2.49449532104e-11	-8.9219494015e-09
2.7023442327e-11	-2.24730065668e-08
2.91019314436e-11	-3.97110397898e-08
3.11804205601e-11	-5.64749278453e-08
3.32589096767e-11	-6.62006698349e-08
3.53373987932e-11	-6.16580635437e-08
3.74158879098e-11	-3.78525903955e-08
3.94943770264e-11	4.97712715486e-09
4.15728661429e-11	5.97945302161e-08
4.36513552595e-11	1.13851200467e-07
4.5729844376e-11	1.52510068574e-07
4.78083334926e-11	1.64460558949e-07
4.98868226092e-11	1.46069169205e-07
5.19653117257e-11	1.02828913384e-07
5.40438008423e-11	4.72047041455e-08
5.61222899588e-11	-6.09660322226e-09
5.82007790754e-11	-4.52469279821e-08
6.02792681919e-11	-6.46415969641e-08
6.23577573085e-11	-6.53863310163e-08
6.44362464251e-11	-5.32908401851e-08
6.65147355416e-11	-3.57349598801e-08
6.85932246582e-11	-1.89167614906e-08
7.06717137747e-11	-6.40879482816e-09
7.27502028913e-11	8.79960215805e-10
7.48286920079e-11	3.84246279239e-09
7.69071811244e-11	4.08616518399e-09
7.8985670241e-11	3.10866643538e-09
8.10641593575e-11	1.90989202231e-09
8.31426484741e-11	9.65300950284e-10
8.52211375907e-11	3.83851839203e-10
8.72996267072e-11	9.55814732917e-11
8.93781158238e-11	-1.38729834911e-11
9.14566049403e-11	-3.75270266251e-11
9.35350940569e-11	-3.07840593294e-11
9.56135831734e-11	-1.94723993874e-11
9.769207229e-11	-2.04826346856e-11
9.97705614066e-11	-2.08897187742e-11
1.01849050523e-10	-2.07888428694e-11
1.0392753964e-10	-2.02312923359e-11
1.06006028756e-10	-1.96335430552e-11
1.08084517873e-10	-1.89201484341e-11
1.10163006989e-10	-1.82265365994e-11
