% time-domain current integration by openEMS v0.0.36-142-g32c5c6b @Tue Mar 17 20:49:51 2026
% start-coordinates: (-1.79985e-05,1.46887e-05,0.000139401) m -> [33,35,54]
% stop-coordinates: (-1.79985e-05,2.78623e-05,0.000145176) m -> [33,38,56]
% t/s	current
3.08381174564e-15	0
2.0815729283e-12	1.97713980604e-11
4.16006204486e-12	3.08687624073e-11
6.23855116142e-12	2.52768587311e-11
8.31704027798e-12	-3.36416068614e-11
1.03955293945e-11	-2.16793458185e-10
1.24740185111e-11	-6.23832818736e-10
1.45525076277e-11	-1.34802580209e-09
1.66309967442e-11	-2.37999620012e-09
1.87094858608e-11	-3.45545547731e-09
2.07879749773e-11	-3.88473031521e-09
2.28664640939e-11	-2.47694931232e-09
2.49449532104e-11	2.27853180768e-09
2.7023442327e-11	1.16464509148e-08
2.91019314436e-11	2.57261163483e-08
3.11804205601e-11	4.24821635647e-08
3.32589096767e-11	5.72840903601e-08
3.53373987932e-11	6.35462527043e-08
3.74158879098e-11	5.47089840097e-08
3.94943770264e-11	2.71099906968e-08
4.15728661429e-11	-1.74160010857e-08
4.36513552595e-11	-7.06411285023e-08
4.5729844376e-11	-1.19668641219e-07
4.78083334926e-11	-1.51011491312e-07
4.98868226092e-11	-1.55481572506e-07
5.19653117257e-11	-1.3173112734e-07
5.40438008423e-11	-8.67852563147e-08
5.61222899588e-11	-3.33104495098e-08
5.82007790754e-11	1.50888688211e-08
6.02792681919e-11	4.84183608762e-08
6.23577573085e-11	6.28459559948e-08
6.44362464251e-11	6.05666343745e-08
6.65147355416e-11	4.75823611623e-08
6.85932246582e-11	3.07583931658e-08
7.06717137747e-11	1.54746579994e-08
7.27502028913e-11	4.56544713145e-09
7.48286920079e-11	-1.50538326249e-09
7.69071811244e-11	-3.76128417301e-09
7.8985670241e-11	-3.7269760611e-09
8.10641593575e-11	-2.73501088444e-09
8.31426484741e-11	-1.6337213804e-09
8.52211375907e-11	-8.01791411043e-10
8.72996267072e-11	-3.05853065097e-10
8.93781158238e-11	-6.87890508444e-11
9.14566049403e-11	1.55884437303e-11
9.35350940569e-11	2.94651247845e-11
9.56135831734e-11	2.02517395215e-11
9.769207229e-11	1.23488493736e-11
9.97705614066e-11	1.26100380138e-11
1.01849050523e-10	1.31597866285e-11
1.0392753964e-10	1.39042857089e-11
1.06006028756e-10	1.48295299651e-11
1.08084517873e-10	1.58314385906e-11
1.10163006989e-10	1.68004828799e-11
