% time-domain current integration by openEMS v0.0.36-142-g32c5c6b @Tue Mar 17 20:49:51 2026
% start-coordinates: (1.34989e-05,-3.23619e-05,0.000139401) m -> [40,24,54]
% stop-coordinates: (1.34989e-05,-1.90257e-05,0.000145176) m -> [40,27,56]
% t/s	current
3.08381174564e-15	-0
2.0815729283e-12	-1.95383726559e-11
4.16006204486e-12	-3.07128558696e-11
6.23855116142e-12	-2.53287824742e-11
8.31704027798e-12	3.19189778775e-11
1.03955293945e-11	2.11482290013e-10
1.24740185111e-11	6.13956774309e-10
1.45525076277e-11	1.33126665247e-09
1.66309967442e-11	2.35857333664e-09
1.87094858608e-11	3.43764150479e-09
2.07879749773e-11	3.88759824332e-09
2.28664640939e-11	2.52723064698e-09
2.49449532104e-11	-2.15190576469e-09
2.7023442327e-11	-1.14262661555e-08
2.91019314436e-11	-2.54265586364e-08
3.11804205601e-11	-4.21645438564e-08
3.32589096767e-11	-5.70578251313e-08
3.53373987932e-11	-6.35445616126e-08
3.74158879098e-11	-5.50398944199e-08
3.94943770264e-11	-2.78000804599e-08
4.15728661429e-11	1.64606817066e-08
4.36513552595e-11	6.96295785474e-08
4.5729844376e-11	1.18866879006e-07
4.78083334926e-11	1.50650961928e-07
4.98868226092e-11	1.55671301627e-07
5.19653117257e-11	1.32414257337e-07
5.40438008423e-11	8.77619399375e-08
5.61222899588e-11	3.4314787456e-08
5.82007790754e-11	-1.42934686309e-08
6.02792681919e-11	-4.79666901754e-08
6.23577573085e-11	-6.27482066307e-08
6.44362464251e-11	-6.0735018792e-08
6.65147355416e-11	-4.7885247767e-08
6.85932246582e-11	-3.1074215201e-08
7.06717137747e-11	-1.57251562882e-08
7.27502028913e-11	-4.72229233495e-09
7.48286920079e-11	1.43295908472e-09
7.69071811244e-11	3.74606745623e-09
7.8985670241e-11	3.74048214624e-09
8.10641593575e-11	2.75652323189e-09
8.31426484741e-11	1.65224223192e-09
8.52211375907e-11	8.13886291695e-10
8.72996267072e-11	3.12156911431e-10
8.93781158238e-11	7.12870179553e-11
9.14566049403e-11	-1.50127670712e-11
9.35350940569e-11	-2.96121738241e-11
9.56135831734e-11	-2.05505317624e-11
9.769207229e-11	-1.23718604805e-11
9.97705614066e-11	-1.25619653568e-11
1.01849050523e-10	-1.30504695592e-11
1.0392753964e-10	-1.37838742156e-11
1.06006028756e-10	-1.46714411453e-11
1.08084517873e-10	-1.56254904848e-11
1.10163006989e-10	-1.66175354727e-11
