% time-domain voltage integration by openEMS v0.0.36-142-g32c5c6b @Tue Mar 17 20:49:51 2026
% start-coordinates: (-2.16848e-05,2.33627e-05,2.36982e-05) m -> [32,37,15]
% stop-coordinates: (-8.99926e-06,2.33627e-05,2.36982e-05) m -> [35,37,15]
% t/s	voltage
0	-0
2.07848911656e-12	-1.339998279e-09
4.15697823312e-12	-1.51186585473e-09
6.23546734968e-12	2.24683868733e-10
8.31395646623e-12	6.56842602531e-09
1.03924455828e-11	2.20827285347e-08
1.24709346994e-11	5.17321794291e-08
1.45494238159e-11	9.74979705859e-08
1.66279129325e-11	1.51816990979e-07
1.8706402049e-11	1.89228323677e-07
2.07848911656e-11	1.60122308301e-07
2.28633802821e-11	-5.65063640323e-09
2.49418693987e-11	-3.78445946581e-07
2.70203585153e-11	-9.89493031511e-07
2.90988476318e-11	-1.78214861535e-06
3.11773367484e-11	-2.57702981799e-06
3.32558258649e-11	-3.08077335376e-06
3.53343149815e-11	-2.9584547292e-06
3.74128040981e-11	-1.9614520852e-06
3.94912932146e-11	-6.63010304436e-08
4.15697823312e-11	2.44342209044e-06
4.36482714477e-11	5.01002875808e-06
4.57267605643e-11	6.96071128914e-06
4.78052496808e-11	7.74015325078e-06
4.98837387974e-11	7.11883035365e-06
5.1962227914e-11	5.28184739323e-06
5.40407170305e-11	2.75645430747e-06
5.61192061471e-11	2.12772370389e-07
5.81976952636e-11	-1.77053146899e-06
6.02761843802e-11	-2.87597271154e-06
6.23546734968e-11	-3.09414923549e-06
6.44331626133e-11	-2.65264554855e-06
6.65116517299e-11	-1.88117280686e-06
6.85901408464e-11	-1.08082190309e-06
7.0668629963e-11	-4.44958928369e-07
7.27471190796e-11	-4.37574350087e-08
7.48256081961e-11	1.45071783919e-07
7.69040973127e-11	1.88495491216e-07
7.89825864292e-11	1.57424668856e-07
8.10610755458e-11	1.04110831955e-07
8.31395646623e-11	5.68719418226e-08
8.52180537789e-11	2.52222283059e-08
8.72965428955e-11	8.12544143081e-09
8.9375032012e-11	8.19894374615e-10
9.14535211286e-11	-1.29932012372e-09
9.35320102451e-11	-1.30781224739e-09
9.56104993617e-11	-8.22036133608e-10
9.76889884783e-11	-7.72453392917e-10
9.97674775948e-11	-7.5196571192e-10
1.01845966711e-10	-7.56568238613e-10
1.03924455828e-10	-7.84307757629e-10
1.06002944944e-10	-8.13972195202e-10
1.08081434061e-10	-8.49368436695e-10
1.10159923178e-10	-8.84035400439e-10
