% time-domain voltage integration by openEMS v0.0.36-142-g32c5c6b @Tue Mar 17 20:49:51 2026
% start-coordinates: (2.16848e-05,-2.33627e-05,2.36982e-05) m -> [42,26,15]
% stop-coordinates: (8.99926e-06,-2.33627e-05,2.36982e-05) m -> [39,26,15]
% t/s	voltage
0	-0
2.07848911656e-12	1.36454625377e-09
4.15697823312e-12	1.48225057228e-09
6.23546734968e-12	-2.01313812842e-10
8.31395646623e-12	-6.67736399507e-09
1.03924455828e-11	-2.23975580305e-08
1.24709346994e-11	-5.22681595783e-08
1.45494238159e-11	-9.83876731198e-08
1.66279129325e-11	-1.5291585953e-07
1.8706402049e-11	-1.90035194692e-07
2.07848911656e-11	-1.59724972804e-07
2.28633802821e-11	8.64090976549e-09
2.49418693987e-11	3.85471295772e-07
2.70203585153e-11	1.00128281133e-06
2.90988476318e-11	1.79774667686e-06
3.11773367484e-11	2.59306261796e-06
3.32558258649e-11	3.09151585043e-06
3.53343149815e-11	2.95718075449e-06
3.74128040981e-11	1.94298269207e-06
3.94912932146e-11	2.9774660959e-08
4.15697823312e-11	-2.49275205988e-06
4.36482714477e-11	-5.06127798872e-06
4.57267605643e-11	-7.00046030033e-06
4.78052496808e-11	-7.75706394052e-06
4.98837387974e-11	-7.10791528036e-06
5.1962227914e-11	-5.24643428435e-06
5.40407170305e-11	-2.70685052328e-06
5.61192061471e-11	-1.62326138309e-07
5.81976952636e-11	1.81014166856e-06
6.02761843802e-11	2.89824185984e-06
6.23546734968e-11	3.0987611126e-06
6.44331626133e-11	2.64407617578e-06
6.65116517299e-11	1.86599265817e-06
6.85901408464e-11	1.06505044073e-06
7.0668629963e-11	4.32452466725e-07
7.27471190796e-11	3.59041223419e-08
7.48256081961e-11	-1.48732841154e-07
7.69040973127e-11	-1.89311776921e-07
7.89825864292e-11	-1.56805750606e-07
8.10610755458e-11	-1.03084754954e-07
8.31395646623e-11	-5.5987527503e-08
8.52180537789e-11	-2.46526470349e-08
8.72965428955e-11	-7.84123943554e-09
8.9375032012e-11	-7.23853144091e-10
9.14535211286e-11	1.30216823435e-09
9.35320102451e-11	1.27738378208e-09
9.56104993617e-11	7.87462622887e-10
9.76889884783e-11	7.51810363964e-10
9.97674775948e-11	7.34412169967e-10
1.01845966711e-10	7.50659506776e-10
1.03924455828e-10	7.79573378074e-10
1.06002944944e-10	8.11773731568e-10
1.08081434061e-10	8.50409187514e-10
1.10159923178e-10	8.83507794702e-10
