% time-domain current integration by openEMS v0.0.36-142-g32c5c6b @Tue Mar 17 20:49:51 2026
% start-coordinates: (1.34989e-05,-3.23619e-05,2.09098e-05) m -> [40,24,14]
% stop-coordinates: (1.34989e-05,-1.90257e-05,2.36982e-05) m -> [40,27,15]
% t/s	current
3.08381174564e-15	-0
2.0815729283e-12	3.07157146939e-11
4.16006204486e-12	3.29226437779e-11
6.23855116142e-12	-6.52053888314e-12
8.31704027798e-12	-1.48404483147e-10
1.03955293945e-11	-4.92410168196e-10
1.24740185111e-11	-1.14818254904e-09
1.45525076277e-11	-2.15068407527e-09
1.66309967442e-11	-3.32453864438e-09
1.87094858608e-11	-4.09121581058e-09
2.07879749773e-11	-3.34663385892e-09
2.28664640939e-11	4.45549430683e-10
2.49449532104e-11	8.78319994513e-09
2.7023442327e-11	2.22400355909e-08
2.91019314436e-11	3.94026855588e-08
3.11804205601e-11	5.61577877534e-08
3.32589096767e-11	6.59879333398e-08
3.53373987932e-11	6.16827335875e-08
3.74158879098e-11	3.82171947422e-08
3.94943770264e-11	-4.25538448923e-09
4.15728661429e-11	-5.88193493911e-08
4.36513552595e-11	-1.12837689414e-07
4.5729844376e-11	-1.51723611452e-07
4.78083334926e-11	-1.64125452784e-07
4.98868226092e-11	-1.46284264702e-07
5.19653117257e-11	-1.03528599027e-07
5.40438008423e-11	-4.81852815426e-08
5.61222899588e-11	5.09908293367e-09
5.82007790754e-11	4.44634835617e-08
6.02792681919e-11	6.42009680973e-08
6.23577573085e-11	6.52948770608e-08
6.44362464251e-11	5.34601092284e-08
6.65147355416e-11	3.60350504991e-08
6.85932246582e-11	1.92286098155e-08
7.06717137747e-11	6.65612009954e-09
7.27502028913e-11	-7.24637072569e-10
7.48286920079e-11	-3.77004250041e-09
7.69071811244e-11	-4.07000833036e-09
7.8985670241e-11	-3.12089221133e-09
8.10641593575e-11	-1.93017712924e-09
8.31426484741e-11	-9.82785297587e-10
8.52211375907e-11	-3.9511083294e-10
8.72996267072e-11	-1.01199784663e-10
8.93781158238e-11	1.19699675519e-11
9.14566049403e-11	3.74618322474e-11
9.35350940569e-11	3.13808007357e-11
9.56135831734e-11	2.01459474103e-11
9.769207229e-11	2.08851928807e-11
9.97705614066e-11	2.1227946484e-11
1.01849050523e-10	2.08942411983e-11
1.0392753964e-10	2.0319494351e-11
1.06006028756e-10	1.96782676959e-11
1.08084517873e-10	1.88976646831e-11
1.10163006989e-10	1.82400500953e-11
