% time-domain voltage integration by openEMS v0.0.36-142-g32c5c6b @Tue Mar 17 20:49:51 2026
% start-coordinates: (-2.16848e-05,2.33627e-05,0.000142189) m -> [32,37,55]
% stop-coordinates: (-8.99926e-06,2.33627e-05,0.000142189) m -> [35,37,55]
% t/s	voltage
0	-0
2.07848911656e-12	-9.78390535256e-10
4.15697823312e-12	-1.53901011379e-09
6.23546734968e-12	-1.27484975354e-09
8.31395646623e-12	1.63891555882e-09
1.03924455828e-11	1.07220348156e-08
1.24709346994e-11	3.09567464996e-08
1.45494238159e-11	6.70209985287e-08
1.66279129325e-11	1.1851920334e-07
1.8706402049e-11	1.72384247321e-07
2.07848911656e-11	1.94339264681e-07
2.28633802821e-11	1.25042053156e-07
2.49418693987e-11	-1.10994200497e-07
2.70203585153e-11	-5.77285760528e-07
2.90988476318e-11	-1.27951062723e-06
3.11773367484e-11	-2.11696738006e-06
3.32558258649e-11	-2.85919531962e-06
3.53343149815e-11	-3.17741807976e-06
3.74128040981e-11	-2.74306682968e-06
3.94912932146e-11	-1.37117626764e-06
4.15697823312e-11	8.49215041399e-07
4.36482714477e-11	3.5092688222e-06
4.57267605643e-11	5.96540564857e-06
4.78052496808e-11	7.54247821533e-06
4.98837387974e-11	7.77833542998e-06
5.1962227914e-11	6.60189016344e-06
5.40407170305e-11	4.3612024001e-06
5.61192061471e-11	1.6881174929e-06
5.81976952636e-11	-7.36498719789e-07
6.02761843802e-11	-2.41066800299e-06
6.23546734968e-11	-3.14000544677e-06
6.44331626133e-11	-3.03205519003e-06
6.65116517299e-11	-2.38591621837e-06
6.85901408464e-11	-1.54505642058e-06
7.0668629963e-11	-7.79427267616e-07
7.27471190796e-11	-2.31863396039e-07
7.48256081961e-11	7.35912450978e-08
7.69040973127e-11	1.87695111009e-07
7.89825864292e-11	1.866445416e-07
8.10610755458e-11	1.37238142628e-07
8.31395646623e-11	8.21117360772e-08
8.52180537789e-11	4.03706366114e-08
8.72965428955e-11	1.5441666168e-08
8.9375032012e-11	3.50102158375e-09
9.14535211286e-11	-7.62879051597e-10
9.35320102451e-11	-1.47435202935e-09
9.56104993617e-11	-1.0178742571e-09
9.76889884783e-11	-6.17568093886e-10
9.97674775948e-11	-6.30442434368e-10
1.01845966711e-10	-6.57728427278e-10
1.03924455828e-10	-6.94979199189e-10
1.06002944944e-10	-7.41208011634e-10
1.08081434061e-10	-7.91054180493e-10
1.10159923178e-10	-8.39594310742e-10
