% time-domain voltage integration by openEMS v0.0.36-142-g32c5c6b @Tue Mar 17 20:48:59 2026
% start-coordinates: (-2.16848e-05,2.33627e-05,2.36982e-05) m -> [32,37,15]
% stop-coordinates: (-8.99926e-06,2.33627e-05,2.36982e-05) m -> [35,37,15]
% t/s	voltage
0	-0
2.07848911656e-12	-8.11932299172e-10
4.15697823312e-12	-9.34540556052e-10
6.23546734968e-12	1.66252907274e-10
8.31395646623e-12	4.04571887103e-09
1.03924455828e-11	1.35095166165e-08
1.24709346994e-11	3.15043156007e-08
1.45494238159e-11	5.9185403245e-08
1.66279129325e-11	9.18347673462e-08
1.8706402049e-11	1.13895826104e-07
2.07848911656e-11	9.52426759682e-08
2.28633802821e-11	-6.4796532584e-09
2.49418693987e-11	-2.33369689795e-07
2.70203585153e-11	-6.03406192567e-07
2.90988476318e-11	-1.08108878294e-06
3.11773367484e-11	-1.55682403147e-06
3.32558258649e-11	-1.85295050414e-06
3.53343149815e-11	-1.76823056108e-06
3.74128040981e-11	-1.1553951822e-06
3.94912932146e-11	-4.48297754474e-09
4.15697823312e-11	1.50914411279e-06
4.36482714477e-11	3.04658124151e-06
4.57267605643e-11	4.20285732616e-06
4.78052496808e-11	4.64758454655e-06
4.98837387974e-11	4.24929362453e-06
5.1962227914e-11	3.12649058287e-06
5.40407170305e-11	1.60131611437e-06
5.61192061471e-11	7.78278970159e-08
5.81976952636e-11	-1.09904254941e-06
6.02761843802e-11	-1.74401810682e-06
6.23546734968e-11	-1.85731272495e-06
6.44331626133e-11	-1.57982236715e-06
6.65116517299e-11	-1.1110908531e-06
6.85901408464e-11	-6.31003985063e-07
7.0668629963e-11	-2.53345831425e-07
7.27471190796e-11	-1.77431802584e-08
7.48256081961e-11	9.10139732468e-08
7.69040973127e-11	1.13978686045e-07
7.89825864292e-11	9.37534210266e-08
8.10610755458e-11	6.1291238751e-08
8.31395646623e-11	3.30790825842e-08
8.52180537789e-11	1.44278979874e-08
8.72965428955e-11	4.48925552288e-09
8.9375032012e-11	3.24095625337e-10
9.14535211286e-11	-8.29734836394e-10
9.35320102451e-11	-7.8552608862e-10
9.56104993617e-11	-4.83468043377e-10
9.76889884783e-11	-4.55130294563e-10
9.97674775948e-11	-4.49516840417e-10
1.01845966711e-10	-4.51893189535e-10
1.03924455828e-10	-4.68875521742e-10
1.06002944944e-10	-4.86480716821e-10
1.08081434061e-10	-5.08277864242e-10
