% time-domain current integration by openEMS v0.0.36-142-g32c5c6b @Tue Mar 17 20:48:59 2026
% start-coordinates: (1.34989e-05,-2.78623e-05,0.000139401) m -> [40,25,54]
% stop-coordinates: (1.34989e-05,-2.33627e-05,0.000145176) m -> [40,26,56]
% t/s	current
3.08381174564e-15	-0
2.0815729283e-12	-1.0971784245e-11
4.16006204486e-12	-1.80543288653e-11
6.23855116142e-12	-1.56371738474e-11
8.31704027798e-12	1.69036069864e-11
1.03955293945e-11	1.2055688392e-10
1.24740185111e-11	3.55327156587e-10
1.45525076277e-11	7.77015507492e-10
1.66309967442e-11	1.38641198522e-09
1.87094858608e-11	2.03649830333e-09
2.07879749773e-11	2.33065677868e-09
2.28664640939e-11	1.57247626031e-09
2.49449532104e-11	-1.13802811619e-09
2.7023442327e-11	-6.5787384429e-09
2.91019314436e-11	-1.48643630737e-08
3.11804205601e-11	-2.48600429131e-08
3.32589096767e-11	-3.38788481713e-08
3.53373987932e-11	-3.80209819184e-08
3.74158879098e-11	-3.33168337363e-08
3.94943770264e-11	-1.74315673007e-08
4.15728661429e-11	8.74741168388e-09
4.36513552595e-11	4.0497006637e-08
4.5729844376e-11	7.01990856555e-08
4.78083334926e-11	8.97221923424e-08
4.98868226092e-11	9.33546360216e-08
5.19653117257e-11	8.00016763947e-08
5.40438008423e-11	5.36185069677e-08
5.61222899588e-11	2.16700506428e-08
5.82007790754e-11	-7.65172281092e-09
6.02792681919e-11	-2.81897403198e-08
6.23577573085e-11	-3.74350186405e-08
6.44362464251e-11	-3.65311763062e-08
6.65147355416e-11	-2.89940000897e-08
6.85932246582e-11	-1.89491551339e-08
7.06717137747e-11	-9.6907850633e-09
7.27502028913e-11	-3.00134384013e-09
7.48286920079e-11	7.76758768417e-10
7.69071811244e-11	2.22503060421e-09
7.8985670241e-11	2.25371499241e-09
8.10641593575e-11	1.67370961535e-09
8.31426484741e-11	1.00948172044e-09
8.52211375907e-11	5.00591845753e-10
8.72996267072e-11	1.93915217217e-10
8.93781158238e-11	4.55878633454e-11
9.14566049403e-11	-8.18601436636e-12
9.35350940569e-11	-1.774722036e-11
9.56135831734e-11	-1.25011979935e-11
9.769207229e-11	-7.33611262016e-12
9.97705614066e-11	-7.45878532549e-12
1.01849050523e-10	-7.77228541943e-12
1.0392753964e-10	-8.21657759192e-12
1.06006028756e-10	-8.74678888346e-12
1.08084517873e-10	-9.33049817964e-12
