% time-domain current integration by openEMS v0.0.36-142-g32c5c6b @Tue Mar 17 20:48:59 2026
% start-coordinates: (1.34989e-05,-2.78623e-05,2.09098e-05) m -> [40,25,14]
% stop-coordinates: (1.34989e-05,-2.33627e-05,2.36982e-05) m -> [40,26,15]
% t/s	current
3.08381174564e-15	-0
2.0815729283e-12	1.82835795115e-11
4.16006204486e-12	1.92940906307e-11
6.23855116142e-12	-3.06314565726e-12
8.31704027798e-12	-8.6085610862e-11
1.03955293945e-11	-2.87747103922e-10
1.24740185111e-11	-6.74231503961e-10
1.45525076277e-11	-1.26727683902e-09
1.66309967442e-11	-1.96620053572e-09
1.87094858608e-11	-2.43243758469e-09
2.07879749773e-11	-2.01541250355e-09
2.28664640939e-11	1.95424981753e-10
2.49449532104e-11	5.09624875633e-09
2.7023442327e-11	1.30464723469e-08
2.91019314436e-11	2.3237040736e-08
3.11804205601e-11	3.32580611939e-08
3.32589096767e-11	3.92582748532e-08
3.53373987932e-11	3.69425130486e-08
3.74158879098e-11	2.32705854586e-08
3.94943770264e-11	-1.75744796493e-09
4.15728661429e-11	-3.41314603247e-08
4.36513552595e-11	-6.64075088253e-08
4.5729844376e-11	-8.99119498854e-08
4.78083334926e-11	-9.78113305905e-08
4.98868226092e-11	-8.77262209542e-08
5.19653117257e-11	-6.26725977781e-08
5.40438008423e-11	-2.98778068952e-08
5.61222899588e-11	1.96387195395e-09
5.82007790754e-11	2.57273775617e-08
6.02792681919e-11	3.78951590108e-08
6.23577573085e-11	3.89271441747e-08
6.44362464251e-11	3.21387432223e-08
6.65147355416e-11	2.18706404098e-08
6.85932246582e-11	1.18432961216e-08
7.06717137747e-11	4.26143653698e-09
7.27502028913e-11	-2.50453824346e-10
7.48286920079e-11	-2.16392392893e-09
7.69071811244e-11	-2.40875142055e-09
7.8985670241e-11	-1.87636040039e-09
8.10641593575e-11	-1.17623066842e-09
8.31426484741e-11	-6.08360362087e-10
8.52211375907e-11	-2.50646003952e-10
8.72996267072e-11	-6.85562162595e-11
8.93781158238e-11	3.57535030228e-12
9.14566049403e-11	2.12794660365e-11
9.35350940569e-11	1.86978436206e-11
9.56135831734e-11	1.22073314998e-11
9.769207229e-11	1.26263288019e-11
9.97705614066e-11	1.26959224384e-11
1.01849050523e-10	1.25130357465e-11
1.0392753964e-10	1.21544510567e-11
1.06006028756e-10	1.17645910375e-11
1.08084517873e-10	1.12965886645e-11
