% time-domain voltage integration by openEMS v0.0.36-142-g32c5c6b @Tue Mar 17 20:48:59 2026
% start-coordinates: (2.16848e-05,-2.33627e-05,2.36982e-05) m -> [42,26,15]
% stop-coordinates: (8.99926e-06,-2.33627e-05,2.36982e-05) m -> [39,26,15]
% t/s	voltage
0	-0
2.07848911656e-12	8.21393952855e-10
4.15697823312e-12	9.07271813233e-10
6.23546734968e-12	-1.54503340677e-10
8.31395646623e-12	-4.10846090482e-09
1.03924455828e-11	-1.36938642648e-08
1.24709346994e-11	-3.18199582239e-08
1.45494238159e-11	-5.97122138402e-08
1.66279129325e-11	-9.24970144922e-08
1.8706402049e-11	-1.14401238704e-07
2.07848911656e-11	-9.50567091706e-08
2.28633802821e-11	8.18437362327e-09
2.49418693987e-11	2.37470814568e-07
2.70203585153e-11	6.10382301147e-07
2.90988476318e-11	1.09043293151e-06
3.11773367484e-11	1.56659007189e-06
3.32558258649e-11	1.85975090972e-06
3.53343149815e-11	1.76800432428e-06
3.74128040981e-11	1.14491132308e-06
3.94912932146e-11	-1.69833889174e-08
4.15697823312e-11	-1.53866727715e-06
4.36482714477e-11	-3.07777293074e-06
4.57267605643e-11	-4.22764378527e-06
4.78052496808e-11	-4.65894640911e-06
4.98837387974e-11	-4.24389531872e-06
5.1962227914e-11	-3.10598625219e-06
5.40407170305e-11	-1.57167750103e-06
5.61192061471e-11	-4.70674539343e-08
5.81976952636e-11	1.12371697014e-06
6.02761843802e-11	1.75839909389e-06
6.23546734968e-11	1.86092546528e-06
6.44331626133e-11	1.57518252308e-06
6.65116517299e-11	1.10211630044e-06
6.85901408464e-11	6.21396708311e-07
7.0668629963e-11	2.45559277801e-07
7.27471190796e-11	1.27368520175e-08
7.48256081961e-11	-9.34381461093e-08
7.69040973127e-11	-1.14604198131e-07
7.89825864292e-11	-9.34388282303e-08
8.10610755458e-11	-6.06819217097e-08
8.31395646623e-11	-3.25320597128e-08
8.52180537789e-11	-1.40653368952e-08
8.72965428955e-11	-4.30249014194e-09
8.9375032012e-11	-2.56590096392e-10
9.14535211286e-11	8.36193780884e-10
9.35320102451e-11	7.68945906948e-10
9.56104993617e-11	4.63026395003e-10
9.76889884783e-11	4.4238707142e-10
9.97674775948e-11	4.38912767242e-10
1.01845966711e-10	4.47998332875e-10
1.03924455828e-10	4.65998017951e-10
1.06002944944e-10	4.85534196182e-10
1.08081434061e-10	5.08906417007e-10
