% time-domain voltage integration by openEMS v0.0.36-142-g32c5c6b @Tue Mar 17 20:48:59 2026
% start-coordinates: (-2.16848e-05,2.33627e-05,0.000142189) m -> [32,37,55]
% stop-coordinates: (-8.99926e-06,2.33627e-05,0.000142189) m -> [35,37,55]
% t/s	voltage
0	-0
2.07848911656e-12	-5.61508714525e-10
4.15697823312e-12	-9.06507230392e-10
6.23546734968e-12	-7.81839426534e-10
8.31395646623e-12	8.86393292099e-10
1.03924455828e-11	6.16301010226e-09
1.24709346994e-11	1.80188388654e-08
1.45494238159e-11	3.92867756105e-08
1.66279129325e-11	6.9889255272e-08
1.8706402049e-11	1.02317731177e-07
2.07848911656e-11	1.16512161696e-07
2.28633802821e-11	7.73883979122e-08
2.49418693987e-11	-6.01293699276e-08
2.70203585153e-11	-3.34652760614e-07
2.90988476318e-11	-7.51114768605e-07
3.11773367484e-11	-1.25153397335e-06
3.32558258649e-11	-1.70026419255e-06
3.53343149815e-11	-1.90161352975e-06
3.74128040981e-11	-1.65767221461e-06
3.94912932146e-11	-8.53772604614e-07
4.15697823312e-11	4.62542132595e-07
4.36482714477e-11	2.05199188485e-06
4.57267605643e-11	3.53200709924e-06
4.78052496808e-11	4.49675098935e-06
4.98837387974e-11	4.66376218355e-06
5.1962227914e-11	3.98269526158e-06
5.40407170305e-11	2.65521435949e-06
5.61192061471e-11	1.05650818227e-06
5.81976952636e-11	-4.04424099543e-07
6.02761843802e-11	-1.42233258771e-06
6.23546734968e-11	-1.87508328509e-06
6.44331626133e-11	-1.82255183745e-06
6.65116517299e-11	-1.44181490214e-06
6.85901408464e-11	-9.38988222288e-07
7.0668629963e-11	-4.7767606759e-07
7.27471190796e-11	-1.45668451523e-07
7.48256081961e-11	4.09488460917e-08
7.69040973127e-11	1.11772251898e-07
7.89825864292e-11	1.1237955988e-07
8.10610755458e-11	8.31241688815e-08
8.31395646623e-11	4.99718915137e-08
8.52180537789e-11	2.46929827696e-08
8.72965428955e-11	9.51578060793e-09
8.9375032012e-11	2.20556689579e-09
9.14535211286e-11	-4.28060170643e-10
9.35320102451e-11	-8.84244316657e-10
9.56104993617e-11	-6.17013370952e-10
9.76889884783e-11	-3.6554982652e-10
9.97674775948e-11	-3.73782851892e-10
1.01845966711e-10	-3.91494933694e-10
1.03924455828e-10	-4.14117240499e-10
1.06002944944e-10	-4.42418976454e-10
1.08081434061e-10	-4.72365160875e-10
