% time-domain current integration by openEMS v0.0.36-142-g32c5c6b @Tue Mar 17 20:48:59 2026
% start-coordinates: (-1.79985e-05,1.90257e-05,2.09098e-05) m -> [33,36,14]
% stop-coordinates: (-1.79985e-05,2.33627e-05,2.36982e-05) m -> [33,37,15]
% t/s	current
3.08381174564e-15	0
2.0815729283e-12	-1.84897444577e-11
4.16006204486e-12	-1.87611939872e-11
6.23855116142e-12	2.82342291907e-12
8.31704027798e-12	8.73454988892e-11
1.03955293945e-11	2.91436597077e-10
1.24740185111e-11	6.80553391419e-10
1.45525076277e-11	1.27782195936e-09
1.66309967442e-11	1.97944594049e-09
1.87094858608e-11	2.44253040016e-09
2.07879749773e-11	2.01165351044e-09
2.28664640939e-11	-2.29591984313e-10
2.49449532104e-11	-5.17837239755e-09
2.7023442327e-11	-1.3186096659e-08
2.91019314436e-11	-2.34239809771e-08
3.11804205601e-11	-3.34533325486e-08
3.32589096767e-11	-3.93940950971e-08
3.53373987932e-11	-3.6937656489e-08
3.74158879098e-11	-2.30604957352e-08
3.94943770264e-11	2.18714202305e-09
4.15728661429e-11	3.47220954211e-08
4.36513552595e-11	6.70312303441e-08
4.5729844376e-11	9.04072763319e-08
4.78083334926e-11	9.80379653015e-08
4.98868226092e-11	8.76176429188e-08
5.19653117257e-11	6.226203908e-08
5.40438008423e-11	2.92848607586e-08
5.61222899588e-11	-2.57895527156e-09
5.82007790754e-11	-2.6220522642e-08
6.02792681919e-11	-3.81823532791e-08
6.23577573085e-11	-3.89990262306e-08
6.44362464251e-11	-3.20457083092e-08
6.65147355416e-11	-2.16910649442e-08
6.85932246582e-11	-1.16511857939e-08
7.06717137747e-11	-4.10580547339e-09
7.27502028913e-11	3.50469792076e-10
7.48286920079e-11	2.21231988284e-09
7.69071811244e-11	2.42120923311e-09
7.8985670241e-11	1.87004767227e-09
8.10641593575e-11	1.16404219597e-09
8.31426484741e-11	5.97425386939e-10
8.52211375907e-11	2.43403047717e-10
8.72996267072e-11	6.48268660974e-11
8.93781158238e-11	-4.92231949645e-12
9.14566049403e-11	-2.14069161703e-11
9.35350940569e-11	-1.83666068465e-11
9.56135831734e-11	-1.1799184893e-11
9.769207229e-11	-1.23718413986e-11
9.97705614066e-11	-1.2483899331e-11
1.01849050523e-10	-1.24367252607e-11
1.0392753964e-10	-1.20970455875e-11
1.06006028756e-10	-1.17452852999e-11
1.08084517873e-10	-1.1310396196e-11
