% time-domain voltage integration by openEMS v0.0.36-142-g32c5c6b @Tue Mar 17 20:48:59 2026
% start-coordinates: (2.16848e-05,-2.33627e-05,0.000142189) m -> [42,26,55]
% stop-coordinates: (8.99926e-06,-2.33627e-05,0.000142189) m -> [39,26,55]
% t/s	voltage
0	-0
2.07848911656e-12	5.46177394978e-10
4.15697823312e-12	9.01599434e-10
6.23546734968e-12	7.83491521661e-10
8.31395646623e-12	-8.37850760993e-10
1.03924455828e-11	-6.00785887706e-09
1.24709346994e-11	-1.77258310252e-08
1.45494238159e-11	-3.87842442606e-08
1.66279129325e-11	-6.92356572074e-08
1.8706402049e-11	-1.01754050519e-07
2.07848911656e-11	-1.16545518125e-07
2.28633802821e-11	-7.88252734196e-08
2.49418693987e-11	5.63958941768e-08
2.70203585153e-11	3.28058533228e-07
2.90988476318e-11	7.42021484257e-07
3.11773367484e-11	1.24172922256e-06
3.32558258649e-11	1.69302620634e-06
3.53343149815e-11	1.90101877706e-06
3.74128040981e-11	1.66713277849e-06
3.94912932146e-11	8.74305584375e-07
4.15697823312e-11	-4.33567805658e-07
4.36482714477e-11	-2.02079155542e-06
4.57267605643e-11	-3.50669643012e-06
4.78052496808e-11	-4.48458479241e-06
4.98837387974e-11	-4.66839503588e-06
5.1962227914e-11	-4.00273791001e-06
5.40407170305e-11	-2.68479431043e-06
5.61192061471e-11	-1.08753238237e-06
5.81976952636e-11	3.79350012736e-07
6.02761843802e-11	1.40760542422e-06
6.23546734968e-11	1.87129018059e-06
6.44331626133e-11	1.82718656561e-06
6.65116517299e-11	1.45089626358e-06
6.85901408464e-11	9.48731241124e-07
7.0668629963e-11	4.85565280428e-07
7.27471190796e-11	1.50720676828e-07
7.48256081961e-11	-3.85279932402e-08
7.69040973127e-11	-1.11178948714e-07
7.89825864292e-11	-1.12735548896e-07
8.10610755458e-11	-8.37719440483e-08
8.31395646623e-11	-5.05506010384e-08
8.52180537789e-11	-2.50805776147e-08
8.72965428955e-11	-9.72302705016e-09
8.9375032012e-11	-2.29087304682e-09
9.14535211286e-11	4.06177022572e-10
9.35320102451e-11	8.87529189031e-10
9.56104993617e-11	6.25985305258e-10
9.76889884783e-11	3.66827346276e-10
9.97674775948e-11	3.72895270218e-10
1.01845966711e-10	3.88591381295e-10
1.03924455828e-10	4.10770889525e-10
1.06002944944e-10	4.37250805008e-10
1.08081434061e-10	4.66442481861e-10
