% time-domain current integration by openEMS v0.0.36-142-g32c5c6b @Tue Mar 17 20:48:59 2026
% start-coordinates: (-1.79985e-05,1.90257e-05,0.000139401) m -> [33,36,54]
% stop-coordinates: (-1.79985e-05,2.33627e-05,0.000145176) m -> [33,37,56]
% t/s	current
3.08381174564e-15	0
2.0815729283e-12	1.12722027892e-11
4.16006204486e-12	1.8147445352e-11
6.23855116142e-12	1.56046217614e-11
8.31704027798e-12	-1.78818782698e-11
1.03955293945e-11	-1.23671350938e-10
1.24740185111e-11	-3.61197877163e-10
1.45525076277e-11	-7.87076959163e-10
1.66309967442e-11	-1.39948830302e-09
1.87094858608e-11	-2.04775862933e-09
2.07879749773e-11	-2.32994290528e-09
2.28664640939e-11	-1.54364387939e-09
2.49449532104e-11	1.21283794119e-09
2.7023442327e-11	6.71077948766e-09
2.91019314436e-11	1.5046341062e-08
3.11804205601e-11	2.50561278392e-08
3.32589096767e-11	3.40234045382e-08
3.53373987932e-11	3.80324536309e-08
3.74158879098e-11	3.31270584297e-08
3.94943770264e-11	1.70203549033e-08
4.15728661429e-11	-9.32725185976e-09
4.36513552595e-11	-4.11210052675e-08
4.5729844376e-11	-7.07048712911e-08
4.78083334926e-11	-8.99647787378e-08
4.98868226092e-11	-9.3261135703e-08
5.19653117257e-11	-7.96001486947e-08
5.40438008423e-11	-5.30265751308e-08
5.61222899588e-11	-2.10496313713e-08
5.82007790754e-11	8.15283396349e-09
6.02792681919e-11	2.84837682329e-08
6.23577573085e-11	3.75103965666e-08
6.44362464251e-11	3.64381556039e-08
6.65147355416e-11	2.88122414815e-08
6.85932246582e-11	1.87543189867e-08
7.06717137747e-11	9.53311385388e-09
7.27502028913e-11	2.90043256079e-09
7.48286920079e-11	-8.25069346178e-10
7.69071811244e-11	-2.2368304986e-09
7.8985670241e-11	-2.24656759862e-09
8.10641593575e-11	-1.66075064811e-09
8.31426484741e-11	-9.97913529588e-10
8.52211375907e-11	-4.92849427935e-10
8.72996267072e-11	-1.8977819316e-10
8.93781158238e-11	-4.38876157638e-11
9.14566049403e-11	8.62227737125e-12
9.35350940569e-11	1.76802981977e-11
9.56135831734e-11	1.23224980567e-11
9.769207229e-11	7.31089581235e-12
9.97705614066e-11	7.47606056922e-12
1.01849050523e-10	7.82960501988e-12
1.0392753964e-10	8.28283015092e-12
1.06006028756e-10	8.84960941333e-12
1.08084517873e-10	9.44924780782e-12
